69
67
162
9
8
46
192
191
43
85
124
126
130
168
23
162
85
34
124
73
58
199
185
165
161
161
196
67
22
104
164
13
59
131
81
75
110
43
91
71
92
175
140
111
13
16
188
75
100
102
185
59
25
145
155
196
79
98
110
165
146
41
121
108
175
91
73
119
113
68
117
14
119
44
149
191
95
118
116
170
111
128
105
142
15
179
153
36
86
115
134
87
53
132
19
85
87
134
122
167
102
76
125
175
141
110
64
126
1
172
198
119
174
120
140
95
66
55
149
180
26
129
100
20
26
168
111
124
115
188
131
125
186
13
178
162
44
160
136
78
131
53
149
169
44
148
192
189
22
74
67
28
189
161
191
34
104
121
199
102
143
2
58
4
76
50
171
44
40
162
181
15
137
24
84
46
49
125
14
118
115
27
124
15
48
149
99
172
55
167
45
122
154
188
130
127
40
94
5
195
79
119
19
26
164
123
65
152
190
151
16
155
94
198
190
76
11
11
174
199
76
165
141
37
101
180
17
176
92
98
175
192
73
10
62
174
152
7
99
175
70
35
14
187
45
88
166
76
114
28
148
77
148
147
122
181
96
2
163
16
59
152
52
21
136
154
18
188
99
192
25
24
31
81
99
163
183
23
173
163
175
113
85
126
39
36
72
33
10
23
8
168
109
123
107
78
24
144
15
61
179
10
112
40
0
82
132
93
127
126
19
188
178
66
181
5
84
99
140
159
111
147
127
34
59
23
1
18
134
139
112
96
45
43
195
145
35
140
90
91
11
140
82
194
157
65
58
96
35
185
7
28
131
2
153
24
116
157
75
164
57
196
55
99
71
183
57
145
111
76
179
57
13
132
78
123
9
71
58
148
134
9
107
172
155
61
192
140
29
144
166
115
11
7
161
185
64
164
101
115
139
0
20
102
23
46
89
57
131
171
125
101
57
143
172
180
112
123
102
44
146
176
113
156
141
64
169
54
75
144
146
160
105
29
151
52
3
120
70
60
172
97
59
147
76
193
134
89
182
27
29
149
107
29
149
47
19
161
139
199
195
174
194
197
115
149
17
76
147
113
12
29
4
114
53
167
33
86
49
144
158
159
81
35
116
123
182
180
60
116
158
68
199
168
159
116
187
30
125
7
149
99
167
1
69
